Resumen enriquecimiento Open Food Facts
==========================================
Archivo entrada : input_off.csv
Archivo salida  : off_enriquecido_3-7.csv
Filas totales   : 12642
Encontrados     : 6656
No encontrados  : 5979
Errores         : 7
Columnas OFF    : 2671
Tiempo          : 275262.1 s

Encontrados por base:
  food       6636
  beauty     15
  product    5

No encontrados (EAN):
  7790957000408
  7404007570321
  7840028206816
  7840226027459
  75082734
  7792350006629
  7441042699662
  7862111590237
  7862111590220
  7793323004451
  7794906000242
  7798040891469
  7794903232479
  606110330596
  7730400002818
  7730400002832
  7798040891445
  7798040891476
  7730400003778
  7861001912692
  7861054300941
  7790513005694
  7793132009654
  7798154950038
  7798193378107
  7594004100222
  7613032913342
  7730465006103
  7730465005632
  7443011627676
  2299901973508
  2299901973515
  7441006003610
  7798165590490
  7798123971385
  7730400003679
  7792900705507
  7804654580498
  7791720025499
  7791720025505
  7791720025512
  7790070231840
  7798165591169
  7798332890316
  7730400003839
  7730983610059
  7798165591176
  7798126291145
  7861026034010
  7868000881028
  7801505003571
  7801505003588
  7790070416889
  7868000681031
  7464510500147
  7790740000417
  7702007068726
  7798154950267
  7794000005389
  7862113116923
  7862113112246
  7793323004444
  7798241870102
  7798154950878
  7794903232509
  2920481300001
  26964080025
  7798078450140
  7798143356056
  7798143356032
  7798157743019
  7798157743026
  8997206338018
  7751188001121
  2990300001914
  2990300001907
  2990300001891
  41224860605
  7840235003833
  7862114200584
  7861000212984
  7868000377903
  7868000377972
  7702835999919
  7862107420586
  7862107420593
  7753110000172
  7758360000569
  7730251000308
  7451003710046
  7790748266457
  7798061190572
  7798298470041
  7771260150325
  7441007200896
  7443001141250
  7778608080672
  7792070053934
  7790748266464
  7790070321565
  7790895647987
  7598393000101
  7791720025536
  723540526952
  7441028207461
  7861053200044
  7861053200051
  7790315101419
  7730400003907
  2980300001878
  7791728242706
  2881300002950
  7730400003891
  7798316700815
  7840235003840
  7798340790066
  7798340790110
  7702168278477
  7790950143690
  7790950143706
  7790950144093
  8445290024794
  7798079230215
  7730197009380
  7862121780000
  7804651620258
  7750123000151
  7401173400179
  26964080032
  637662010070
  7801620009601
  7891167831131
  7841787000189
  7401133400164
  7797453973472
  7841341000341
  736684209544
  736684209537
  720665983240
  7411001803997
  7798334802072
  7730400004041
  7862118990320
  7862118990702
  7862118991389
  7798334587009
  2911300002244
  7451085400088
  7790070231598
  8445290118141
  7730205107961
  798184451307
  7750075054578
  7790070265098
  7790070265111
  7798334802089
  7798334802096
  7791045000058
  77987877
  7791720027967
  7793759000072
  8445290615930
  7798169802797
  769503411507
  1657191037
  7702404035017
  7798131061733
  7790070265289
  7798080522163
  7798080522217
  7798131061771
  763571876527
  7790070265166
  7790070265173
  7771608002033
  7771608002040
  7771608002057
  7840235004328
  8480017262233
  7798316700907
  7790070265203
  7791728246575
  7790670052517
  7703386000529
  7703386000680
  7703386000963
  7848900031273
  2941300008786
  7772314630763
  7862109271742
  7793323024763
  7790070265340
  7790070433077
  7791120102905
  7790070433138
  7790070433121
  7790070432285
  7794903232493
  7794903232486
  1284322495143
  7790070265197
  7790070265258
  7862110840043
  12993401184
  7730982040031
  7730982040024
  769503411514
  7804923025569
  7750075060685
  7441019437471
  7790070432292
  7868000724059
  7791720033487
  7792350067996
  2850301373062
  7799155000869
  7798365050046
  7862113118613
  3800032905345
  7840121413005
  7840854000084
  606110002066
  7509552922301
  196852385232
  7798131061894
  7798259439667
  7730195006190
  7730911340928
  7730400004102
  7848001990073
  7840854000015
  7798221642095
  727373150148
  727373150131
  7750054001623
  7750182008334
  7759859000152
  7759699001678
  5404017408692
  75082741
  636601353650
  7793323025012
  7799155000302
  7799155000944
  7799155000999
  7799155000814
  7799155000883
  7799155001002
  7751084000129
  7798308250052
  7899026462816
  884394004703
  28661283372
  7798342151759
  7798342151742
  7798184451413
  7798221642118
  7861024390217
  7420080000869
  7790147006869
  7798033900543
  7798033900529
  7798033900536
  7798033900512
  7798154951288
  7792052181723
  7798154951295
  7792052075145
  7792052181655
  7790890100982
  7441003506978
  7840854000053
  7842684000029
  7840854000077
  7840854000046
  7840854000039
  7842684000036
  7730465006547
  7791728242676
  664858000119
  7819740005168
  7798061190336
  7862100421788
  42563605087
  8480017278227
  2100002994722
  7898946378375
  7848001990035
  8445291369429
  7798169803275
  7798169803268
  7791720045008
  7791720044995
  7841341001614
  7841341001591
  7798378310038
  754697490513
  7790957000415
  614143063770
  7798378310021
  7791100046069
  8033576191966
  8480017277718
  7791720042465
  728370497274
  728370497267
  728370497243
  27271103063
  7862123515631
  7798221642149
  7840121000014
  7730956190434
  745853453350
  745853453367
  2851401651135
  2851401652132
  2851402021043
  2851402022040
  2851404856032
  2851406342045
  2851400344007
  2869900000231
  793969684625
  7423377300079
  745853453329
  745853453343
  7730400004119
  7730983610271
  7441014710456
  7794903232165
  7791720025123
  7798127480197
  7730465000828
  7730983610066
  7702049000517
  7730400001859
  7790513005540
  7798318380077
  7803908006081
  7798065730323
  7793132000033
  7798061190732
  754697550095
  656750783696
  7798216220260
  754697550101
  7613037311624
  7840045036366
  606110254069
  7451084770106
  7804608720055
  7798061190589
  2931300004048
  7798061190541
  7798340790035
  7808743602481
  7702055000693
  7791120100109
  7790513005526
  7798318384013
  7790272000046
  7896094807112
  7798080520534
  7798080520541
  7802810009586
  7451003710060
  7702055000716
  7790036974743
  7702049000531
  7750333000057
  7702049000906
  7730945980381
  7790538009677
  7802810005618
  7702055001690
  7790070416322
  7702049001637
  7702168117165
  7441002637659
  7804608720123
  7793360125126
  7802800444335
  7792070053316
  7862101901364
  7802575226488
  7798040891315
  7798159716646
  7798157743033
  7790036972176
  7802800444328
  7790036974736
  634301921032
  7803908006098
  7801620005740
  7441047001026
  7804643820338
  7798318380046
  7790070418340
  7730983610134
  7795323003519
  7891136057029
  7804609780003
  7802420127021
  7730400003693
  7798165591084
  7798157743040
  7790950141610
  7613037279368
  7774440260142
  7501000909995
  7791045112324
  7798181510977
  7794268004674
  7791017000451
  7502252481857
  7441042600071
  7774440260135
  7441002636904
  7798154950946
  7791120099854
  7861000206716
  7709990233452
  7791120099823
  7451072100182
  7840235003857
  7798318380084
  7798061190022
  7730465000811
  7804658020464
  7798158709007
  7796989076060
  7730983610073
  7802575204004
  726367920217
  7862109391990
  7798127480036
  7441006002194
  4046222601157
  7808743600043
  7702168114102
  7801505003021
  7791479001140
  7798191490030
  7701101358924
  7802575226440
  7702049000746
  7804000002698
  34846730616
  7798340790073
  754697550125
  7803110102250
  7840810000851
  7460828550225
  7797234000328
  7798040890622
  7798078450393
  7802810009272
  7702049001699
  7790070231697
  7808740000000
  7441006003702
  7862110120053
  7702049000548
  7802575204073
  7702055001188
  7800120176790
  7801610481028
  7798146300575
  6923700979824
  7797234000311
  7798197300296
  7613030494683
  7804609780058
  7401173400056
  7861048680974
  7790272005577
  7702049001644
  7802575226433
  7790070231666
  22000007698
  7791675908403
  7862101142316
  7791675304007
  7798146300636
  7790070418265
  7798131061528
  7798159948993
  7798146300711
  7501009224174
  7802810012173
  7798143356025
  7798111210458
  7790070231833
  7796989076053
  7801420250135
  7798316700471
  7790503008674
  7730400001897
  7801320242209
  7802337910938
  7798154950014
  7790272000053
  7802810002181
  7802615006575
  7460828550126
  7840017108220
  7801220311104
  7801610481011
  7730903160664
  7797234000335
  7778608080382
  7798340790103
  7441006011165
  7798154950021
  7790513000170
  7798260050363
  7423377300062
  793969684632
  7862107789485
  7730956190441
  2870300001278
  7730983610288
  7702001169061
  90496462
  760861007050
  7861031541961
  10016000457239
  810044571127
  764009054210
  760861006916
  10016000211497
  7730973880035
  7730973880011
  7750960005463
  7861007911255
  7750060003215
  736684282547
  760861001294
  7798333320096
  7796020011692
  7862123120576
  7862123120767
  7790040137042
  7790040137059
  7402000154036
  7861001235845
  7861210700721
  7861210700769
  7861138611765
  7798187760567
  7798187760550
  7791813001102
  7771621560336
  7771621560343
  7771621560350
  7757050000735
  7861024629775
  7771609002940
  4710421010262
  7862105453739
  7804000003046
  9002490258351
  7801620009557
  7501055399789
  70847027058
  737186580414
  7862131820024
  4504313215
  7791337004948
  7798165592043
  7770108770084
  7770108770091
  7772115890106
  7772115890137
  7772115890090
  7868001052724
  7868001052748
  7798101202289
  7441001637643
  7441001638510
  7441001640278
  7441001640285
  7401019700067
  7757316000073
  7757316000080
  790757894136
  7792244911848
  760861006466
  7401179200292
  7898675804749
  7898941400576
  7898941400590
  7898941400606
  7898941400613
  70847038603
  7861074605378
  7862112280465
  7758963000324
  7791337006850
  78538101981
  760861006480
  760861006503
  7401143101716
  754697497383
  7772115890243
  10016000480374
  16000494558
  7801420002048
  16000494619
  7861012514663
  7790580137915
  7501639310469
  7757133000188
  7798187760826
  7798187760833
  729208175142
  7798187760840
  7798187760857
  7798187760864
  7798187760871
  7759447000373
  7756305001121
  606110002196
  850026162264
  856576005419
  850738002278
  7798187760895
  7401179200063
  659525538606
  659525538613
  7896404903114
  659525538583
  7791720033821
  7791720033838
  7771609004791
  7756459000988
  7801620009397
  7460193740740
  7862109437582
  7862122740935
  7862110840531
  7862110840517
  7862122740799
  7840028206632
  7840028206649
  7862109275443
  7862122741451
  7804673913307
  7804673913345
  7790580138646
  7790580138653
  7790580128692
  873617007867
  7804673910573
  7801610285800
  7802800188277
  7757768000041
  7750670021005
  7750670020992
  7750453570058
  644225722035
  7792981071171
  7770109530076
  7401006492111
  7770109530014
  7451012003023
  7798157300342
  70847890850
  3616300754801
  7804676870058
  7861031541923
  7790890111995
  7861138613509
  7801620009496
  7801620009366
  7401179200520
  8410128677053
  7801620008376
  7809579807002
  41190083923
  8003180044262
  8720608000845
  9002490263706
  7862109437957
  7862132120536
  7862122742380
  7861025807172
  7798290582308
  7848900017093
  7804617471078
  873617008451
  873617008444
  7798115261487
  7798115261517
  7798115261524
  7896798602617
  7862114280531
  240951000
  5060123415094
  7791720046166
  7791720046159
  7899621108300
  7898225524110
  7899621108287
  7898225523915
  7591381000350
  7798343751750
  7862109439067
  90486142
  8445291027442
  7770109530045
  7770109530083
  7770109530021
  7861012514717
  7798422620281
  7804659652206
  710779117815
  7862109437292
  7798101203279
  7792981071348
  760861007043
  7802800001637
  7770109530069
  7770109530090
  7804659652190
  7730973880028
  7451012003047
  7804659651827
  8410152020948
  7770109530106
  7791476006209
  764009033819
  7798187760345
  7790580113469
  7790742127655
  7891991014014
  7790742127174
  7801300003370
  7801620852726
  873617004743
  7790580124304
  7709071689468
  7702007049121
  7798187760321
  7420001020204
  7771621560060
  7802910006034
  7758513000347
  7801300003394
  7801610591123
  7441003503649
  760861003847
  7790380020257
  7801620006938
  70847033943
  88209052297
  87703189669
  7790742562029
  7702007060560
  7801620008055
  4059729034410
  8801056091965
  7801620008109
  7790580126759
  7798187760338
  7798228640087
  7401143101761
  4059729034465
  7798228640025
  7702090064100
  7798187760352
  7841849000416
  7801610676356
  7798346130026
  764009039552
  7797897002929
  7441003504301
  88209008294
  5032085003824
  7798161721096
  7804671930276
  7401143101778
  7801620005306
  7801610002650
  7790742656018
  760861004097
  7790895647307
  7801620008048
  7460193705077
  7861024605946
  7896383074225
  764009039460
  7797897002936
  760861001287
  7801610002209
  7791351128248
  7801610271032
  7861138608154
  70847009184
  760861002451
  7798228640131
  7801620004910
  7801620853204
  7798228640155
  7862107785302
  7861024609876
  70801104047
  8843940025182
  7898080664655
  77543738
  7771621560077
  764009039514
  7861138611277
  7794620160581
  9002490232054
  77543714
  7841849000423
  7401143101785
  794122998504
  77919335
  7801620330217
  7861001241402
  700083653062
  873039000484
  781718979719
  7861000209908
  7790950132267
  7441003504295
  7861001241419
  7790742662019
  7759307005289
  7770109530038
  612590416538
  7798101203262
  2870300001285
  7622202395123
  7730205113405
  2940100002284
  7622202395529
  745853842918
  8445292035842
  7791479000068
  7752230003919
  7798342150547
  7798342150790
  8435336216177
  7792860009097
  7793132008749
  7861000285520
  7861008521217
  7861036400560
  7861036400539
  7798294150084
  7798144940223
  7730465006394
  80918516
  7464791460536
  7464791460628
  7702133862809
  7468215700215
  7794690000015
  7895144295664
  7463013003001
  7790170903692
  7862133290399
  7610700001936
  187743000112
  876869001355
  7730195010432
  7757050000759
  7755060000349
  7755060000363
  7708922045491
  2990300001921
  7757050000742
  7898115900048
  400003623310
  7730205068729
  7501056900328
  724373747095
  7758987000096
  7401196700058
  8445290118080
  8445290118226
  7755060000448
  7798332890323
  7801610483602
  7772106008305
  645860008119
  8445290118189
  647283104065
  7861006200022
  7861000285513
  7441012600223
  7790150090190
  7798309870372
  7798309870396
  7798309870402
  7794820902400
  7861001246759
  7861002835044
  7861053200709
  7861053200556
  7861053200075
  7861053200211
  8445290118165
  898425000060
  77982360
  7622201685379
  7803520002959
  7798340790080
  7443024220796
  7801610475218
  7861008533388
  7401173400230
  8426388912032
  7802100001573
  7421804100018
  22000008916
  7622201413514
  7862118991396
  7862118990740
  7862118991365
  7862118991426
  7862118991402
  751752200766
  17622201776678
  7401142604492
  7730452006055
  2050043647319
  7790550022470
  7802800556724
  7792900950020
  820645008458
  7772501001062
  3997800000132
  8445290615893
  8445290615916
  7793450000975
  7793450000982
  8445290558299
  8445290559913
  8445290559937
  7622201711719
  7622201735425
  7751271032049
  7758513000422
  8003180007373
  7774440270301
  7771817180027
  7798109289473
  7798334587184
  8445290118202
  7798312360754
  7798312360198
  7798312360211
  7798312360761
  7798312360808
  7730117007830
  8445291036291
  7790580138820
  7730183000193
  7798322071022
  7734284002469
  7401132300052
  7891000352595
  7404008410046
  7803111003310
  7798312360259
  736372166883
  736372166890
  7770016892113
  7770016892120
  2850301348602
  7840025000127
  8445290615831
  7622210938268
  7861000278744
  7702354253578
  7622201678036
  7896019209700
  7771621062076
  7771621062175
  659525149413
  7790070432933
  7861008532596
  7798308250151
  2850301393381
  2850301405022
  7772602003040
  7772602003057
  7772602003064
  7443017680293
  7443024220543
  7772622211159
  7730908365637
  7730963910049
  8445291298781
  7622202288227
  7622202288258
  7791720041635
  7791720041628
  7622202272134
  7622202272158
  7757110001368
  7751188002050
  7750885026093
  745853842956
  7771260011893
  7730400004157
  7622202394782
  94331365211
  8480017287373
  7443009510546
  7707211632800
  7622201760595
  723540526945
  8445291121904
  723540526921
  723540526938
  7861004803348
  7862105454415
  7891118015023
  8433329136099
  8433329136129
  7801610002100
  7862113118644
  7622202046223
  7774904404747
  7774904404754
  7774904404761
  7798342151728
  7862133291198
  7861008536402
  7862133291273
  7862133291181
  7862133291280
  7622201413507
  7451110850017
  22000008404
  799192186318
  7754308002978
  7421851300027
  7790890112503
  7798163520512
  7730963130980
  7730195003731
  7730903753323
  7406007093008
  818284010208
  7861002899510
  7862105454408
  7424635800027
  7424635800010
  7424635800102
  7862134510038
  7861004111375
  7622201498344
  7622201498368
  7622201498320
  7862105454507
  7622201498351
  7790147006852
  7868000712438
  7771621790078
  30418875
  1268794460045
  645860018453
  7730963130997
  7730963131093
  7792052091886
  8690101224607
  7862134510052
  786939160090
  7597135000577
  5411823872821
  94331230021
  7730907600197
  7730400004140
  7730907600173
  7730999480066
  8412598008801
  2851402023047
  2851403301045
  2851403302042
  2851403309034
  2851404849034
  2851406600046
  2851406695042
  2851406697046
  2851432948020
  2851434580020
  2851434582024
  2851434586022
  2851438670024
  2851438671021
  2851438752027
  2851438755028
  2851400704016
  2851400348005
  2851400239020
  2851400240026
  2851400467027
  7842615000210
  7862107789423
  7790045001232
  7622202301414
  606110002134
  7792180144171
  7622202288241
  7792180144188
  7801620002794
  7791359120053
  786939150046
  7896283006357
  7451022500307
  7794270035451
  7730945980701
  7802130002120
  80887027
  7801620005085
  7613036501507
  7801620006877
  77918543
  7622201402105
  7790170949058
  7798348300014
  7798195940142
  7891151031189
  7895144293769
  7790580117863
  76625281650
  7702007037159
  7613036420785
  7895144293752
  7622210681508
  7451034200028
  7506105602666
  7895144695679
  7790580109479
  7792798009565
  7506105604431
  7730205069023
  77921246
  7506105616090
  7896312107420
  7896312107444
  7803111002566
  7896286615242
  7895144080819
  7798181510984
  7501056901585
  7794906000228
  7790380029632
  7798181510113
  7891151036689
  7622201776596
  7622201776565
  732535898738
  7798195940135
  7622201776626
  7891151036931
  7730945980787
  798190060361
  7792798008896
  80920236
  7891151036832
  7804000001868
  7702133414442
  7896419500193
  7790380022152
  7622210473554
  7791113004384
  7730945980718
  34000008438
  7622201776657
  77959539
  4002103248279
  7790748000020
  744430263368
  7896312107437
  7792798009572
  7792143101555
  7613036417730
  7501056901592
  7702133414480
  744430264099
  7803525999735
  7895800440797
  8432286004700
  7790580127053
  7798197300128
  7792860008007
  7790170901902
  77933997
  7798228640599
  7798181510106
  7792180008213
  7861123210010
  760203009346
  7798144940568
  7798141132683
  7798309870280
  7791113004353
  7801220801261
  7793706000131
  7896312107413
  859940002908
  7622300845872
  7610700612804
  859940002403
  7798195940173
  7758434000587
  7798052362285
  7861008503640
  76625249179
  7709275832806
  4002103228332
  7421842100018
  7794520867764
  8426388901203
  7506105600082
  7895144292342
  7622210407757
  7794520867757
  7798309870303
  7793433000534
  7798181510649
  859940002397
  732535898707
  7798195940128
  7790550004223
  7797234000144
  7797234000342
  7895144699844
  8430094309123
  7841503002411
  7790150432389
  5011885010669
  7790380024002
  7790070410771
  7798294150060
  7702133862823
  7798067050405
  7610700612811
  7622300868390
  77969330
  7613287171610
  7794520867771
  7798228640605
  7730411001978
  7798197300050
  7730452005447
  7794520867788
  7804800000047
  700083653055
  77901651
  187743000129
  7501058612458
  7798067050399
  7790170901926
  7610700612828
  7622300868420
  7730920130824
  7861029407651
  7861029407675
  94331201045
  7840112003093
  7803468004923
  7861029407668
  7772622460052
  794166101274
  18410376059363
  794166101298
  7771260710222
  7750960002462
  7790150532300
  7791479005155
  7793482300432
  7441001635038
  7868000688313
  7861074605316
  7791479005148
  7501058642301
  7793323005052
  7422110106060
  7861013715052
  7861004110231
  7793482300449
  7797897000055
  7709097931312
  7709071689451
  2911300001414
  2911300001490
  7730903162576
  7861026031903
  7613039992203
  7797897002981
  7862118143504
  7862118143535
  7709758168293
  7862118143559
  7709758168262
  7862118143542
  7402000115013
  7798165593453
  2850300368007
  2929900001611
  7790380024866
  7798126291107
  7798126291152
  7798126291169
  7861025805901
  7791479001058
  7750060001976
  7750074000279
  7750074000286
  7750074000293
  7750074000309
  7750074000644
  7750074000651
  7750074000675
  7751304215289
  7593090001680
  724751096821
  7796373114101
  7798161722253
  7798146300834
  7798053651265
  7613287326805
  7798075822056
  7752748010799
  7757762000108
  7758079000652
  7862109273777
  7862109274095
  7709579011921
  7709579011952
  7753678000539
  7862100330387
  7798125810910
  8410412280044
  7790150490471
  7755091000042
  7755091000080
  7755091000134
  7753678000508
  7790150497487
  7730588000750
  7441000408121
  7861010403471
  7862117451792
  7798355940296
  7792842000333
  7861002565811
  7771609000885
  2971300003283
  2971300003313
  2921300001215
  2921300001222
  7790380022190
  7861053201058
  7861053201065
  7861053200716
  7861053200228
  7730980450153
  763571659977
  7798128002251
  7443026540007
  7797330108676
  2921300001796
  7841503002558
  4504312201
  7862115361086
  7862115361796
  7593702001831
  7790158229462
  7898941400569
  7898941400583
  725765392008
  725765392015
  725765392039
  725765392046
  725765392145
  725765392091
  725765392121
  7861024622578
  78605022
  7441001639432
  7593702001848
  7862118990139
  7862118990153
  7862118990429
  7792900950013
  7790380029878
  729208175166
  7862109030455
  7404007150059
  77950031
  859975020199
  7862109950852
  7861004110217
  7798224210987
  7861004110255
  7794620160840
  763571717462
  7868001263519
  7868001263526
  52100004549
  7752992003806
  8445290864703
  7840699001710
  7840699001734
  7751188001787
  7506475110631
  78028104
  78028111
  763331452145
  7401006402059
  7443026540243
  7443026540281
  7730205107978
  7899674035332
  7899674035561
  7899674035486
  7899674035349
  7899674036674
  7899674035370
  7899674035394
  7899674035387
  7862107620306
  7868000695861
  7506475110648
  7809611719393
  8710692123674
  7861143500405
  7861008529343
  7861004100959
  7862109950869
  7861004110606
  7868000789829
  7861024631365
  7861004110194
  7792350068009
  7755920000083
  8906078262796
  7862109275757
  7802215110818
  2921300003301
  2921300003332
  7443024240169
  7793482300623
  818512012981
  7730903165157
  7730903165126
  7730197000004
  7896283007064
  7792260000618
  7750489280181
  7750489280174
  7750489280198
  7750060004076
  7774441110132
  7591112000352
  7790380024828
  7790380025009
  7798143357848
  7730124001784
  7730421262147
  7730913901073
  5410687015399
  7862118143566
  7861024620871
  7798221642125
  7798015441569
  7862103903878
  7840047000068
  7861024608947
  7798122381260
  7591016323076
  7433200287088
  7424635800218
  7424635800201
  7730323003046
  7898380410358
  7451108550332
  7502271917160
  7451108550394
  8410109126754
  7595826007942
  7792052065634
  7792052090735
  7862109953167
  810975020091
  736372061003
  736372061010
  8433329155519
  7593090003004
  7597814600050
  5060565103771
  714604215127
  714604215103
  7591585172549
  84137920
  7404005320409
  7790742624109
  5824121125191
  7896573379123
  7771718230043
  7896573379093
  7896573379109
  7896573379192
  7771711000476
  714604087809
  7798259439926
  7443021400146
  7798221642163
  7774441110170
  2851403304039
  2851404704036
  2851432953024
  2851432955028
  2851434521023
  2851439969028
  2851400349002
  2851400687012
  7773435460185
  7771260710239
  618231878499
  7840085006411
  2251541442981
  7790036972749
  7798040890424
  7702001017508
  7441001635052
  7861024628082
  7798322070575
  7802215124693
  7790742771506
  7791058000830
  7451001200617
  7793360125119
  764090012069
  7793742003813
  77939425
  7798216220055
  7861050501465
  7702870051023
  7802225571869
  7790150532102
  7613033349256
  7862107785326
  7802215101434
  7730421000817
  7441003561243
  7798122380492
  7802200270107
  7794620160567
  7501058650917
  7753678000270
  7802200852655
  7862113115445
  7793482300135
  7861024608695
  7421650000029
  7796045770017
  7797234000755
  7798100463407
  7401129300270
  7597118000020
  7421650000036
  2920300001935
  7730999112097
  7802410131373
  7613287326843
  7802225590136
  7798161721065
  7730124508504
  7730124002514
  7801534002071
  7798294150121
  7750060000276
  7421650000081
  7790045000785
  7793482000332
  7501000910632
  689407951292
  7861024610568
  7840531002394
  7802410101666
  7798054490702
  7861024627689
  7794620160574
  8410175055330
  7802410101376
  7730999112165
  7730421252148
  8426594095406
  7802800563043
  7730999112127
  7798126290117
  7804000001332
  7790580250607
  7861024624695
  7622210733887
  8436000680164
  7790070416261
  7702001017102
  8710692122738
  7840058004086
  7730999112042
  7798185790030
  7702001017133
  7501058644893
  7798054490474
  2920300001928
  719917006486
  7798262020166
  7798083731296
  7757912000026
  77961884
  7798143351198
  7798131061436
  7793817001515
  7798130951783
  7797897002837
  7790380045618
  8430094312352
  7755452000124
  8006550340230
  7798183682955
  7730267009654
  7798161720211
  7501058644916
  7730955470063
  7730945980794
  7501058644909
  7802410010340
  7790380024897
  7868000917291
  7868000748895
  7441041707009
  7801610993200
  7451022505203
  7793126001817
  7793323004314
  7840531001786
  7798083730367
  7862114220681
  7798181040009
  8437009282090
  7501058635181
  7790580118112
  7794620160482
  7401111301704
  7798054490412
  7501058640895
  7861024627313
  7802200840287
  7804661490438
  7868000917222
  4504312645
  7803960000461
  7798165591633
  77933898
  7797234000434
  7798079230659
  7622300844523
  8410109117318
  7730903160022
  7798165593149
  7501058635174
  7798054490672
  7421650000012
  7797234000717
  7750060001990
  7868000459968
  7861024608688
  787545261492
  7794620160475
  7441008916260
  7809558102487
  7773435750026
  7841503001759
  7730102663065
  8429583003796
  8410152020917
  8410152020924
  8429583008531
  7798068582233
  8410152020931
  7842751000051
  7809558106324
  2981300001004
  672975193218
  7443011621353
  7794940000710
  7794903232257
  7794903232264
  7794903232271
  7794903232288
  7798027510024
  7792129004511
  7804000001356
  7401006491299
  54228107201
  7730901560466
  7443022070997
  7793817001546
  721450780839
  7793482300463
  7809558104900
  7730465003805
  7790490998040
  9005465163049
  7862117502043
  7798124852553
  7616100001033
  8712400771023
  8427030000244
  7798301130023
  7790490998125
  7791720025611
  7410030502949
  7792129004382
  7798036820831
  873617004712
  7861210700660
  7861210700707
  7441028202701
  7774440810453
  7774440810477
  4251232284515
  7792129004313
  7798067050337
  7798075822087
  7798075822070
  7793482300487
  7792129004375
  7794059001080
  7794903232240
  8712400118866
  7798075822063
  7798031470178
  7757094000142
  702361012561
  7861035010081
  7771260240224
  7791118012810
  7793817000334
  7730354000762
  76625278230
  7401165100254
  7797330101103
  7861053200112
  7861053200242
  7861053200235
  7792981066108
  2980300001656
  7730908470096
  7730354000779
  7441056800184
  873617003531
  7793323024282
  7452103860013
  7730116259148
  7862129010253
  7861091147837
  7503032208572
  2880300000065
  2880300000140
  7707194534153
  7707773834698
  7771718230180
  7798145820074
  7798031470574
  7790416016377
  7410032380408
  854933100173
  854933100210
  7862118991334
  7401162700587
  7401162700594
  76625211985
  88313010220
  7592036000060
  854688003538
  7592036000053
  7597623000089
  7597623000102
  7798096881513
  7797330109697
  7799086000211
  7802180004105
  7798125810873
  7798125810866
  7798083731661
  9112223212342
  7793482000349
  7730205104342
  7804115002095
  7790070335982
  7798119220138
  7798138553514
  7730116320145
  7730116323146
  7730116321142
  7790670052500
  7730969330025
  7730969330032
  7730969330049
  7730969330056
  764451420847
  764451420861
  736372543066
  7775402725211
  7410032380712
  7410032380729
  5060033821664
  856260006494
  7401173400063
  7406207000271
  7757133000089
  7791720030509
  7893595839758
  7773435950105
  7791720030479
  7791720030486
  7803520003222
  7503032208312
  7861024630696
  7862123710487
  7861141102779
  7707363366950
  7707363368275
  7707194530025
  7707363367087
  7441005633016
  7773400003980
  7773400003973
  7443011620158
  7730116259209
  723540526914
  7503038643223
  7503038643209
  7707194534474
  7791720033470
  7730963130706
  7730963130690
  7730221000673
  7758079001291
  7750477721009
  7757388000667
  7757128000612
  672975193201
  7772830310378
  2991300002574
  7503038643216
  7798031470789
  7798031470819
  7798031470826
  7862123710494
  7862115500881
  7862115500898
  7730154004861
  7730154004878
  7730154004854
  7730154004830
  7891000012390
  7772830310392
  7772830310408
  7794903232851
  7794903232905
  7591821210837
  7451106200727
  745760309719
  711535517030
  39153125476
  873617008314
  7798044550287
  7792052066853
  7792052066877
  7791720042328
  681170004304
  681170222319
  52577034971
  7730267023490
  7792260000601
  7443014470101
  74441029525106
  7502268548582
  7503041640950
  7502268548575
  79513008186
  7791720042496
  7793323024824
  8843940006518
  8901790700878
  8843940025946
  7730116259162
  7730154004847
  7467581604516
  7730354000656
  7730354000786
  7593702000742
  7451108870171
  7451108870164
  7451108870331
  7452103860020
  8433329147439
  74170472370
  7862128970312
  7862128970305
  7862128970299
  7779604240015
  7451108870287
  7451108870294
  7451108870263
  7451108870324
  7451108870317
  7599773000018
  8410255914458
  7791720045688
  9002490287078
  7793482300128
  7792052096904
  7590399240017
  7794059001301
  7794059001240
  7794059001295
  7794059001257
  7402000104147
  7402000104086
  5941634005328
  7792052096898
  7792052096911
  7798353140179
  7798024767254
  7774441050131
  17803520002475
  7750670020640
  2851432958029
  7640101641615
  2870300001292
  7730213005419
  672975193225
  2981300001035
  7730970970043
  7709914283051
  7730970970364
  8427030003429
  7803520140163
  686352801733
  7908132226288
  7730154005127
  7798216220093
  7790315058195
  7622300251031
  7798181510441
  7798141132690
  7793482300166
  7501096202536
  7798341500206
  7774440810095
  14979511054
  7794940000208
  7792129003583
  7898080663849
  7790150812648
  7707773834704
  7730221000550
  8712400714105
  7750727005873
  7730110311743
  7898591453809
  7443024220338
  7797330105576
  7803520002355
  7406274113089
  7790150814130
  7790150695951
  7898519450071
  5941634001634
  7792129003750
  7730154005141
  7861000209915
  7841503000417
  7622300226657
  7794529041912
  7801800100029
  7730323001134
  7790863000011
  7803525999322
  8480017299987
  7502253071682
  7862113116626
  7798054490986
  7794940000529
  7730114400009
  7406274051657
  7798141130177
  7792981060137
  7801800100081
  7790975198859
  7406274113096
  7790975198613
  873617001759
  7797234000519
  7798015441057
  7798191490016
  7506205801785
  78918351
  7801305700038
  7798122380263
  7798143350887
  822325000349
  7797330101110
  7862113116664
  7790503198634
  7798094170145
  7730236005540
  7803520001624
  7809558102494
  7613035603851
  7802180068428
  7798094170138
  7798094170121
  8712400767507
  7794940000512
  7798143355677
  7797330105606
  7801300012051
  7793482000455
  8414602024104
  748795000163
  7801300002762
  7803520140194
  7801220013312
  7792934102037
  7730154005110
  7798322070582
  720665957210
  647283012599
  7898279790998
  7798015440029
  7792129000766
  8430094312239
  7798181510182
  7613200182631
  7794940000628
  8427030003481
  7790975001340
  760412891473
  7750246682531
  7794767069471
  7730154005158
  7801305000572
  7862101901371
  7794940000789
  7798267770004
  7772500000370
  7793482300180
  7841787000059
  7862107160260
  647283039619
  70847019862
  7441163407559
  7730154005134
  7401173400049
  7794906020080
  7797330105590
  7790863000073
  7862113112802
  7790975198910
  7441163404664
  7451015605088
  7803525999728
  7595237000358
  7809635401939
  8427030003139
  7730115717304
  7410010279021
  7862113115377
  7790863000066
  8410036002091
  7792129003736
  7797330004275
  760412891466
  7757419000024
  7451015600038
  7801305003498
  7790975198675
  7750727010211
  52577024231
  8851876010301
  7406274004103
  7801220901145
  7790742328106
  7792540293785
  7750727009567
  7801305100258
  7801420001898
  7756050000493
  7808704700850
  2920300001942
  7798094170268
  7798122380256
  7794767069464
  7862113116671
  7798082000478
  7790070321824
  7862113116688
  7797330004268
  7797330105613
  7730221000376
  7798181640063
  7797330105583
  7808704700843
  7798015441064
  7790123001499
  764451918726
  760532368992
  7770000010042
  7790895649233
  7770000010011
  7730105916045
  7730105918186
  7792350006759
  7794906000280
  2920600000393
  2920600000409
  2920600000416
  7861007907036
  7730376002225
  721450779789
  7750054001128
  7792758371701
  2919900000882
  7861015400079
  7793132008251
  7793132009074
  7798285730059
  7790890100760
  7794906020035
  7441028207010
  7452017662178
  7798340790165
  7798340790189
  7730116259230
  7898295300539
  7840005013079
  7798082000652
  7793323004796
  7798259439339
  7794906020042
  7793323004888
  7793323004987
  7730991100078
  7465563821012
  758890930357
  7798346740133
  7798346740164
  7441000713485
  7792350067187
  7755139003165
  7750246071724
  7798181510991
  7401006491152
  7798346740157
  614143154584
  7794906000297
  7790412000974
  7791913005437
  7792758371794
  7790895643668
  7798157743057
  7798157743064
  7757497000244
  7757582000203
  7750182007528
  7441028207560
  7798358410888
  7798259439407
  7730908470089
  758890930340
  7441005611991
  7790895648489
  7798143355455
  7798308250205
  7798308250212
  7597175000025
  7597175000018
  7862122741949
  7794000005808
  7798355940272
  7790895647147
  7709189214033
  736372041814
  736372041821
  7441028205559
  7798355940258
  7792350067224
  7401056950678
  7801930001197
  7861002835020
  7798359330086
  7790890100753
  7798322070674
  7423400030041
  7433200711057
  873617003579
  7798181511202
  7798181511219
  5010296011517
  7798144940506
  7797330105293
  7797330105354
  7797330101752
  7862108550329
  2931300008220
  7503027304746
  7467849560240
  7801505003502
  7401006418722
  7758079000874
  7759967000075
  7452053812278
  7792900950006
  7840058009593
  7861031911269
  7791813422006
  7790639003604
  7401080200404
  781718835763
  7771609004548
  7801620009427
  7798343750579
  7790639003871
  7790639003888
  7790639003895
  7798191490092
  7861008913876
  7752230004541
  7452053812285
  7798191490108
  7790895649387
  7730138001107
  7730138001138
  7730996170076
  7730996170083
  7730996170106
  7730996170113
  7730996170120
  7730205104496
  7790071010314
  7757050001169
  734191414703
  7759967000181
  7798125101407
  7798125100349
  7842206000445
  7401005913235
  7798415090053
  7798415090343
  7798415090534
  7798415090541
  7790895648915
  7791913005451
  7771901000125
  7896015971953
  2850301308040
  7840058009920
  7794906020004
  7622201760458
  7868000695823
  7790412001896
  7862122330143
  7868000724035
  7862106820776
  7862106820318
  7862106820806
  7798161722871
  7798161722888
  7750182007580
  734191414680
  7861024623902
  7622202025877
  606110330602
  707273545008
  7861024631396
  7452057200200
  7798309440407
  7798309440728
  7443011860844
  7802800667123
  7802800667116
  39948318151
  2971300005034
  7799037060394
  7791720034972
  7791720034989
  7622201760601
  7730205108005
  7730267024992
  7793890064704
  7793323024992
  7431009206989
  7840058010070
  7798334587764
  761862469403
  7702084226736
  2860200000921
  8480017288318
  7441005639308
  7840356002944
  7424635800072
  7424635800065
  7424635800188
  7424635800171
  7424635800195
  7424635800058
  7861138200198
  19003610
  7799037070065
  7798294150336
  7798294150343
  7791913005444
  7791913005468
  7451106200703
  710069000643
  7451101558687
  7798015441408
  8606032060733
  7791720017395
  7791720017401
  7862116890783
  7798035779130
  7798035779147
  7798128410094
  7798002730171
  7791720041048
  7790412001872
  7798181511424
  651050100020
  7798166860158
  8480017300324
  7406274140399
  7406274140382
  7406274140412
  7406274140405
  7406274140375
  7406274140429
  7862128970169
  7862128970176
  7622202026188
  7861008913975
  7622202026317
  7862128970206
  7862128970237
  7798171733003
  7451022512928
  7591715001138
  7591002200275
  7599256000054
  781718835732
  7798370550241
  7798370550227
  7790045827740
  7591002200152
  7591715000216
  7798186034850
  7861024392174
  7730988510729
  7730376002355
  7794906040316
  7794906040293
  758890930418
  781718835756
  781718835749
  7730687002303
  7597135000553
  8387992454991
  7770017410422
  2941000000134
  7622202209031
  2851404712031
  2851400350008
  7798334587757
  7790123001437
  7770000010028
  799192647574
  7371869650440
  7622202395130
  7401002309727
  7861008913234
  7790895067563
  7730172516148
  7861008913197
  7797234000045
  7750182003551
  723540525955
  7798125100301
  752534605021
  7791813421542
  7790890100739
  7802410004103
  7798187760314
  7798181510137
  7771608001937
  7790895642531
  8411144100068
  7861008912985
  7730922253101
  7441028207119
  7801420001522
  7802150003145
  7443001142073
  758890930388
  7794000002494
  7792160040264
  7792160040257
  7506105616076
  606110399814
  7793132008350
  7798079230628
  754697487650
  7758513000156
  7861058301173
  7792160040196
  7840699001154
  7798144941237
  7793323004079
  7790895005954
  7801620330248
  7441000708771
  7861000238373
  7794767000528
  5000329002254
  7801220004815
  7802626100057
  7809611717214
  7791401000203
  7861008913005
  7758464000359
  7441003502871
  7793132008299
  7898279790943
  7702014500240
  7798015441316
  7793706000353
  7790895002342
  7801220004860
  7709362280541
  7862107784947
  7840235003802
  7790045824879
  7794000002517
  7703153021252
  7790040946408
  7801505003014
  7798082000492
  7730911340942
  7840779002866
  7752230003162
  6923700979800
  7798199770110
  7613032289966
  7798321150216
  813568004737
  7790895641916
  7757128000124
  7840006202274
  7868000459920
  7791720002193
  7506105616083
  7401006490551
  7506105614430
  7441003502000
  721450779796
  7798187760697
  7790895010071
  7798166860059
  7750182003582
  7622201776510
  7790639003024
  8436556396090
  7895144296371
  7441000635404
  7730138000865
  7622210973412
  7896183900991
  7798285730011
  7730956190014
  7802200365773
  7758464000335
  41224463325
  7771609001660
  7730996170021
  7798128410292
  7771608001920
  7730465002082
  7798285730073
  7861024627306
  7790580405618
  7861008913166
  7861008913074
  7790895641893
  7841503002282
  7790070035530
  7798015440074
  7798321150223
  7862120100052
  7861000238380
  7840356002128
  7861000206709
  7790895012365
  7840045037691
  7506105616052
  7801620007560
  7808743602498
  7793281493045
  7798181510052
  7841535000058
  7896072093766
  7792180136657
  7622201453893
  754697487629
  7793132000125
  7798340790172
  7803500010257
  7862105600126
  7798067050023
  7793323004253
  7798199770011
  7702011070869
  7801620006112
  7861000112673
  7798144940162
  7622201453961
  7730916582552
  7702133862816
  7791476021004
  7840779009223
  7798199770103
  7790040129542
  7798128410063
  7622201453862
  7701101358917
  7702014500448
  7758464000366
  7798101201169
  7798293000120
  7798092040068
  8480017096357
  7441005611922
  7793132000149
  7793281492543
  7771609001349
  7793706000360
  7790895640896
  7804665440149
  7758464000342
  7730996170014
  7790895008108
  7792160040233
  2920300001959
  7798285730080
  7792160040189
  7798125100325
  7730114100114
  7794000002500
  7798079230284
  7798159717872
  7793132000903
  7793321000240
  7798113157638
  7702133862793
  7794906000235
  7790895642982
  7752230002776
  7798293000137
  7790070035547
  7798166860097
  7790895641602
  7790040946309
  7861008913852
  7702011274748
  7840699000089
  7401006418364
  721450758609
  7840779009230
  7861007906640
  7790412000103
  7345400000148
  7798082000539
  7840058008053
  7861008913203
  7757582000029
  7753749003193
  7790040999602
  7790895064159
  7750182003568
  7791813001621
  7770000010035
  7730105903199
  7801552007461
  7798165594382
  799192647604
  7774112231036
  7371869295962
  2940300009892
  2940300009908
  7848004350041
  7406189013603
  7790742412119
  7791479001348
  7798083730930
  7840031156054
  7622201807825
  7622201807795
  7862112321007
  7862112321014
  7862127350177
  7404003700760
  7790580132415
  7451018505828
  7793132000163
  7848002500028
  7848002500035
  7423700160028
  7862106220118
  7861076256189
  786411806263
  7804659650783
  7804664380255
  7730465004611
  7730465005441
  77767264
  7798161720785
  7798260050127
  7798290581424
  7798322070094
  7798342150448
  7862117502012
  7798107990210
  7903300212254
  7802800579549
  788115375595
  7798141132782
  7798342150738
  7790154008320
  7790580129675
  7790580129712
  7790580129958
  7798083730855
  7803908006234
  737870167815
  2881300000734
  7798131061603
  27861001982705
  27861001982699
  7597175000056
  7597175000131
  7903300211264
  7903300211400
  7801930022420
  7861048605823
  7861048605830
  7861048605847
  7861048605854
  7861048605960
  7861048605977
  7861048606035
  7861048606042
  72310177833
  72310177840
  72310977143
  673419341356
  7460199532653
  8436004840533
  7798131061573
  7798131061566
  7798322070445
  7798161722154
  7798161722178
  7798161722109
  7798161722192
  7798161722185
  7798161721270
  7798161722321
  7798161722338
  7798161722352
  7798161722345
  7861001982695
  7861001982701
  7802800579587
  33844001643
  7751188000216
  7758079001109
  7758464000380
  7758464000397
  7758464000403
  7758464000410
  7758464000427
  7757582000098
  7862107781960
  7790742414106
  7756676000600
  7756676000617
  7798290581646
  7754470000543
  7757316000028
  7771621560404
  7758167000519
  7758167000540
  7848002500042
  4059729323279
  7443022500005
  7443022500012
  7443022500029
  7443022500128
  7443022500111
  7443022500135
  729090051142
  7793277000202
  7796020011661
  7796020011678
  737186598389
  737186599348
  7597175000049
  7790742414113
  7441005702507
  7771609002919
  7793360132506
  7441001637575
  7792350067170
  7798290581615
  7790154008344
  7862128780157
  7861053200167
  7861053200068
  7861053200259
  7861053200518
  7861053200648
  7861053200365
  7861053200983
  7861053200426
  7861053201119
  7861053200501
  2980300001861
  7441008941408
  7798083731234
  7862102712655
  7798342151155
  7798342151162
  7798342151087
  7798342151131
  7441005702590
  7798140272045
  7794021001001
  7794000006980
  7798364400187
  7862106221788
  7622201702625
  7622201702687
  7622201702717
  7622201703059
  7622201703172
  7622201704148
  7842109000184
  7798290581660
  7798083731647
  756969002707
  4251232253832
  13000003544
  2100003037978
  2100003037930
  2100003037961
  2100003037985
  2100003037954
  2100003037992
  2100003037947
  7802910008205
  2100003037923
  7404003701545
  7759967000082
  7421900300213
  7756676001232
  7756676001218
  7756676001201
  7756676001225
  7451022511549
  7441163935069
  7798290581745
  7451001808189
  7730205107985
  7798290581837
  7404003700050
  7404003700241
  7798290581806
  900901056161
  7772622340170
  7772622340095
  30398542
  4015533052644
  7791337006867
  7798338250251
  7791720027813
  7798161722840
  7861076256011
  7861076256073
  7861076256127
  7861076256141
  7861076256165
  7861076256172
  7798290581783
  7791720027790
  7798161722826
  7798161722833
  7798312360150
  7801620009816
  8480017277848
  7798383010145
  7798322070797
  7798322070803
  7798322070841
  7798290581752
  7798290581820
  7774441110088
  7798259439605
  7798259439629
  7798259439612
  618231786626
  7758167001172
  7798338291049
  7772830251114
  7772830251107
  7756676001256
  7756676001249
  7756676001263
  7756676001270
  7774904405195
  7441003505278
  7798161722932
  7798161722925
  7798161722956
  7798161722949
  7772622340071
  7862106704625
  7868000917246
  7792350068023
  7750262002818
  7861210700745
  7433200770054
  7433200770115
  7756676001447
  7758464000007
  7758464000526
  7758464000496
  7758464000519
  7758464000502
  7758464000533
  641218000569
  790330022000
  790330022017
  7861048605816
  7795513107126
  7756676001423
  7756676001386
  7756676001454
  7770108770060
  7770108770077
  7599519000012
  7841699001434
  7861058311189
  7861048605953
  7861021708916
  7861021708923
  7861058311158
  7730985180345
  7798290581813
  790330022024
  790330021980
  7861029407323
  7861048613286
  7589641425791
  7592396004012
  7589641425692
  7589641425890
  8003180031309
  2302524170008
  7861004110644
  7798155405346
  763571816363
  701220790497
  701220790503
  701220790480
  7592396003992
  7862117502234
  7862128780379
  7862128780355
  7789155630197
  8437023761434
  7891097102196
  7592723005453
  7593362000311
  7593362000304
  5000444072323
  874855001037
  7701362003441
  7798333321895
  7597908000476
  7792052094764
  7792052099387
  7792052099400
  7792052099394
  7441131302657
  7441131301803
  7792052099417
  7802926411020
  7861223012576
  2851407755042
  2851433336031
  2851400602022
  7468162822879
  7802926411013
  7754470001069
  7848004350096
  2870300001315
  2870300001308
  7798085680301
  7790036974477
  7798290580564
  7798161721973
  7441001629181
  7798161721423
  7798342150356
  7802800586608
  7793817001898
  7798161720846
  7622201808105
  7861018630602
  700083811929
  7798161720754
  7809558103576
  7790050001258
  7805000319311
  7622300872861
  7802800579600
  7798161722000
  7862112320789
  7798161721966
  7730430003359
  7422901355042
  745876017737
  790330004648
  7797470007914
  7798085680776
  7422901300530
  7793360001383
  7862112320826
  7798161721416
  7862101900084
  7802820175035
  7802200267152
  7792350006650
  7758513000163
  7730911340959
  7802800586349
  7798085680783
  7802200266414
  7804659650448
  7790580121846
  7798161721980
  7595237000587
  7790895642029
  7802325023398
  7468053480065
  7794820002810
  7798322070124
  7840117011659
  7804659650462
  8410660101719
  7790036974491
  7802920008097
  7798161720884
  7467572560159
  7790380016243
  7793277000196
  7862112320529
  7730239000528
  7802200266261
  7622201807733
  7751561000147
  7591585112323
  7756676000624
  7802200266063
  7790036974507
  7441005711394
  7803908005213
  7798161720877
  7804661490285
  7707192732520
  7802800579532
  7798161721447
  7622210812872
  7803111003075
  7804658020341
  7802200266001
  7798216220017
  7467572560111
  7804658020389
  7401176100014
  7802351614607
  7730903163535
  7802247500359
  7798083731180
  7798083731326
  7798161720655
  700083811912
  7802800576821
  707273375971
  7798085680509
  7802832101213
  7758513000118
  7798342150325
  7798322070438
  7862107781984
  7791337000889
  7422901300561
  7862127750120
  7802200266278
  7861013734053
  7793277000417
  7802800579556
  7862112320796
  7757669000041
  656750766064
  7798085680769
  7862103901188
  7613036705417
  7460199590714
  13000001151
  7798085680158
  7804658020594
  7862127750168
  7861048602877
  7861007223761
  7802247500205
  7793360475207
  7798083731302
  7804671930252
  7798342150073
  7793277000400
  7771259752646
  7802800579297
  52577022985
  7798290580052
  7798259439261
  7862112320536
  7730987490169
  7798165591381
  7622210813534
  7613033725333
  7798259439278
  7798141132638
  7861058301180
  736684997557
  7862107787191
  7757669000010
  7798161720945
  7751523001854
  7798161720662
  7802200266308
  7798161721430
  7798161721942
  7758513000132
  7802800576432
  7791337001459
  7774440270134
  7803908005725
  7802640400355
  7756676000631
  7803111003082
  7798161720938
  7793360475009
  7463210031258
  7798161720266
  7622300856885
  7861047723313
  7422901355028
  7798161720891
  12157306195
  7793360986208
  7840117008031
  7790895644948
  7802800579525
  7798161720808
  7751523000192
  7802200266186
  7758513000088
  707273375988
  7803908005350
  7861048670463
  7798322070483
  7772905005741
  7730987490152
  7861013734152
  7794000792562
  7802832101114
  707273376077
  7793360294600
  7401176100021
  7751523678278
  7790036974484
  7798342150417
  7622300872922
  7802926001764
  7798161721997
  7840117011932
  7862127750113
  7790499017636
  7862107781977
  7750151006774
  7804659650479
  7467572560135
  7790036975412
  7802200263017
  7798161720273
  7793360475108
  7793817001881
  7798083731319
  7861058301166
  7798259439087
  7802200263024
  7622201816582
  7750151670609
  7463210031241
  4015533055904
  7730213008267
  7730956190359
  7794990880539
  7798342150622
  7795513107010
  7802910008106
  7467242170282
  763517611489
  7401065618217
  81537306667
  7794058046211
  7861011802495
  7861055902717
  7793132008336
  7798161721348
  7798161721355
  7795323774860
  7422540018407
  7613287586483
  7467242170152
  7467242170275
  7798151952622
  7798151952981
  7798131061535
  7861055905237
  7798259439315
  7798259439322
  7798060852747
  7795513107003
  7795513106693
  758890930326
  7613287214645
  7613287763464
  7790787949663
  7861007909375
  7861029406944
  7861030800205
  7802420006777
  7730195005209
  7730195010708
  4059729311351
  7798161722208
  7798338290837
  7798346740096
  7798346740102
  7798161722284
  7798161722291
  7798154950540
  2611343000008
  7793132000583
  7757505000037
  7757505000044
  7758079001031
  614143472619
  700083811899
  2990300002003
  2990300001983
  7730205097194
  7730205103253
  7861007914652
  7861026034041
  7730267008251
  7795323774587
  7791351146167
  7441005710632
  8904150128329
  8904150128336
  7791620187457
  7795323774594
  7795323774525
  7795323774532
  7795323774549
  7802900002794
  7795323774839
  7861053201089
  7861053201126
  7861053201133
  7861053201096
  7861053201140
  7861053201157
  7861053201164
  7861053201171
  7861053201188
  7861053201195
  2980300001939
  7862107161359
  7798176000759
  7862107784770
  7861009500037
  7861009500778
  7802900002800
  2980300002219
  7750151007603
  7861002521503
  7798151953131
  4059729313331
  7460193740757
  2880300000171
  7798161722802
  7794520869041
  760861006442
  760861006398
  7416500037416
  7410010838006
  7790524324180
  7862118990016
  8445290194114
  715023904616
  7401111303111
  7401111303098
  7730205108012
  7758513000408
  7779604010229
  7779604010236
  7779604010243
  859975002171
  7798143356506
  7798151953391
  7772622340101
  7791720027974
  7798161722796
  7793323024367
  5740900402447
  7801930001555
  7861018703375
  7790670052333
  7795513107089
  7795513107096
  7790070036230
  7790070036247
  7790070036254
  7441001642555
  7794000007161
  7790524324470
  7443032840146
  760861006435
  7759318000044
  7759318000051
  7790524324463
  7798290581905
  3663207465
  7848900031280
  5704310126126
  5060033821527
  7404006620614
  7751271033787
  606110399708
  7750151008716
  7750151008167
  7779604012216
  7868000695830
  7861049400656
  7861011802501
  8445290696212
  7751271035460
  7751271033633
  7802000017766
  7861048610285
  7861048610315
  7792350068030
  7798259439551
  7798259439544
  7798259439568
  7798259439575
  7798259439599
  2850301469017
  7779604010373
  765066783525
  724373646046
  765066783518
  7896004401782
  7798143357312
  8445290999573
  7798312360853
  7421000852445
  7798131061870
  7798131061979
  7465983577049
  7730267024978
  7730195016342
  7730999110277
  7730213008229
  7730213008243
  7730195017530
  7730267009234
  7730195017509
  7730267008077
  7730963881653
  7730963881301
  7730993030021
  7730267008107
  7750151008051
  7750151010344
  7751271037709
  7750151010320
  7751188001947
  7406189013580
  7708110702458
  7790524000459
  7861048615501
  7730999480042
  7460196300002
  8480017290656
  7750151008952
  7441126813366
  7506475116961
  7841064000468
  7841064000475
  758890930371
  7750151008709
  7798425610029
  727373155297
  7798425610043
  7798425610081
  7798425610012
  758890930463
  7798425610074
  758890930487
  727373155303
  7798425610050
  758890930456
  7798425610036
  7798425610067
  4004980508132
  7597480000208
  7861015430021
  7861015400307
  7798363350698
  7862105454392
  7730900170918
  7891700204187
  9789877693836
  7797574600110
  7798151953230
  7792052075053
  7791720040669
  7791720040676
  7790412002046
  7790742437105
  7799044049795
  7799044049801
  7899572808700
  7597118000044
  7861002566702
  7798432460044
  8003180044187
  7861112131999
  7792052165617
  7750151008792
  7840006204834
  7840005013611
  7433200711132
  888432977837
  7798342151995
  7798161723519
  7798131061887
  7798161723496
  7798161723489
  7798161723502
  7730267023117
  7451017809613
  7802910009707
  7751271036269
  7750587000124
  2851404438030
  2851404722030
  2851404723037
  2851404847030
  2851405795033
  2851407880041
  2851407916047
  2851407952045
  2851408173043
  2851408174040
  2851408430047
  2851408754044
  2851408891046
  2851432963023
  2851432966024
  2851432970021
  2851434418040
  2851437861034
  2851400351005
  2851400377005
  2851400381002
  2851400352002
  2851400245021
  2851400353009
  2851400354006
  2851400355003
  7730267027528
  7452096903445
  7861048615143
  7410030703599
  7790310987216
  7771621790108
  7591794090528
  7730105006128
  7441001603723
  7441005702248
  7790742034922
  7804800400014
  7798333321901
  7805000300739
  790330004686
  7613200183928
  5410316964425
  7790787002665
  7804800000023
  655100000513
  7798176009752
  7802640103034
  7840005012881
  7808743600500
  7803110108214
  7501059278813
  7730267009326
  7802910150508
  7802150002629
  7501059237834
  7798151952561
  7861039931474
  7840833000630
  7861015400710
  737870210764
  7798143355608
  7840531000680
  781718829908
  736640813839
  4067700018243
  760573092818
  7802910006669
  7798158708994
  7772905003662
  7840837000384
  760593023342
  7861031523134
  7461210011126
  2920300001966
  7790742044921
  7401008290210
  7791479005049
  7772830180360
  7795323002246
  7861008906144
  7798151952738
  7798161722307
  754697489401
  7840042001541
  7613034612687
  7791479005094
  7861014300653
  7730205098504
  7861029400041
  7802800556236
  7798176009714
  48001213371
  7506475100977
  7790310983904
  7790524323909
  7790524000251
  7802150000366
  7794520771207
  7795323002451
  7794000002128
  7802420125430
  7798228500077
  7808709503708
  7791476004007
  7791058010815
  7861029402649
  7862101900053
  759494001221
  7861031523127
  790330004532
  7804612220770
  7802800556243
  7798161722314
  7798161721362
  7790742328304
  7795323773726
  7790524000305
  7791058790434
  7790524323978
  7862101901302
  7791479005087
  7840005003100
  7772905005680
  7730999110888
  7401173400025
  7861014300721
  7804800000016
  7861030800090
  781718829939
  7702001147205
  7861014300677
  7730208637557
  7862107785333
  7730336000162
  7840005012713
  8523580011744
  7790742357403
  7861001240092
  655100000537
  7730195004721
  7465983577063
  7861008900036
  7862117760948
  7702007053876
  7502252481505
  7798342150196
  7795323002437
  7401173400032
  7702001147212
  7591794090610
  7790310984079
  7862101901265
  7758079000317
  7796045770031
  7730205102416
  8410090043870
  7460111103053
  7802150000823
  7465983577209
  7861031541350
  7798161721959
  7861030800212
  7840837000100
  7861106411960
  7441001629716
  7803200800608
  7802420124419
  7861001236798
  5410316964401
  7802640793563
  7730999111038
  7861034000182
  7795323002215
  7441001631368
  8445291943049
  7802910009691
  7790310987223
  7790787960767
  7771621790153
  7404007570086
  659525120436
  7802900004736
  7404007260154
  8412598009464
  7730999460112
  7773435950143
  2870300001339
  609143713466
  7794058704234
  7803520380125
  7790895647536
  7793451002145
  7790130002830
  786939150374
  7861001913101
  7861001912715
  7868000743654
  7793132007827
  7751188000810
  7868000703627
  7861055903882
  7793323004482
  7757653000163
  7702007066760
  7861055905244
  41224762084
  7774440810200
  7790580132262
  7792260000939
  7793360131523
  7798132921135
  7798342150813
  7798342150837
  7798342150875
  7790150535394
  7790070035202
  7596794000263
  7613035600829
  7613287427540
  7613287427601
  7803520280449
  7796435006474
  7421000897255
  7613031699063
  7798126291053
  7798126291060
  7798126291077
  7862110720017
  7861048605557
  739802508789
  7500463279614
  7798132921128
  7798143356964
  7730195013884
  707273545077
  7798132920961
  7798161722420
  7798161722413
  7798161722406
  7798161722468
  7798161722475
  7790895646874
  7798221641890
  7798221641906
  7792380000147
  7798005150167
  7798005150013
  2926276900005
  2931300006325
  7730323001653
  7841390000781
  7841390001153
  815126005491
  7862109273081
  4059729270818
  2990300002034
  2990300002027
  7730979091206
  7758879000418
  7792380000123
  7730205103482
  7752992001765
  7750459000283
  7750459000290
  7750459000306
  7790150540336
  7501013103717
  7790150510353
  7790150536285
  815126005484
  7758315000217
  7468162822893
  7441001623288
  7798241870058
  7798241870218
  756058760334
  756058760341
  756058760365
  756058760372
  51500040300
  7798131061580
  7794000005921
  7794000005969
  7441001635007
  746242350595
  7790158229738
  7798079234374
  7798079234381
  7798079234398
  7798168320599
  7797330105897
  7861002835037
  7861053200464
  7861053200303
  7861053201034
  7702404036021
  658325366631
  7798165593675
  7443000861364
  2931300007506
  2931300007599
  2931300007667
  7861018603446
  7798221640015
  9780201379754
  7868000604504
  763571697214
  7751271031813
  7462371236175
  7441003502550
  7771609002049
  765066783341
  765066783334
  7622201706029
  7702011070715
  2959900000772
  2959900000789
  7790070036049
  7771817180409
  7730983610011
  7593702001862
  7778603001979
  7771257710211
  7730983610028
  7792129004184
  7868001228457
  7771257710228
  2980300002813
  7758464000472
  7758464000441
  7758464000465
  7758464000489
  7790524324494
  7622201705138
  7790070036179
  7702007079609
  7790174001370
  7460193741358
  737186378905
  737186378837
  7804630011329
  7899674039293
  7899674039262
  7899674039224
  7899674039217
  2850301349609
  7798161723021
  7798161722994
  7798161723014
  7798161723052
  7798161723007
  737186378844
  7798161723045
  7861000299152
  7503027304760
  7868000724080
  7861002827056
  7798161723038
  7750765005620
  7441001631276
  7790895650048
  7750151008037
  7868001014111
  7862117453895
  7709320989967
  7803520003260
  7441041004603
  7441005633658
  7441005633672
  7443011623630
  7791720025994
  7401006491732
  7503038643087
  7443020800459
  7443020800435
  7443020800473
  7443020800480
  7443020800503
  7730963886177
  7730999110307
  7730963130010
  7730963130027
  7791720037140
  7791720037157
  7790890112176
  7790895650796
  7752992003967
  7758609000008
  7757050001404
  7752992003738
  7842751000099
  7752992004100
  7804606871148
  7804606871162
  7750182007146
  7757133000294
  7750182007412
  7750727014745
  7896283007019
  7730967850228
  793969936564
  7798165594528
  2870300001322
  7798165594511
  7757388000254
  2860200000938
  8480017254016
  7798079230772
  7453107513677
  847610024305
  7443017560281
  7443036820380
  7443036820397
  7443036820489
  7441003506305
  7798340790332
  7730124002422
  7730676000563
  7802575226952
  7708922647503
  7598631000078
  7862134510137
  7791720039311
  7790158229806
  7861024625258
  193968356378
  7798161723328
  7798161723311
  7700247001725
  727373134933
  714604017127
  714604017110
  7798161723304
  7798181481390
  7798181481512
  7798181481383
  7798181481505
  7790412001957
  7790412001964
  8480017295620
  7462416419006
  7424635800119
  7899572806621
  3104715001745
  727373185355
  7862128970091
  7868000774429
  7792380001311
  7792052175272
  7840225030481
  7790174000847
  7798438870014
  7798126291541
  7798438870021
  7592396004005
  7599256000030
  7593362000281
  7798181481017
  8692594341137
  8692594341144
  7861015161147
  8692594341120
  727373048476
  644216800834
  644216799732
  644216801633
  644216801435
  7730376002348
  7730195010043
  7798161723281
  254487000000
  7798310270802
  7401019416425
  7791720048320
  7590068000027
  7798456650193
  7730687002334
  7441009418084
  7791720048559
  7700247001787
  609143713459
  7730999460198
  650240073786
  799192480881
  659525120269
  7730999460181
  7798260740509
  769503249957
  2851403305043
  2851432986022
  2851434544022
  2851434545029
  2851436523049
  2851438672028
  2851438908028
  2851400427021
  2851400430021
  2851400433022
  2851400695017
  2851400357007
  7401001792148
  609143713473
  7798165594535
  7798260740516
  7862115570778
  659525120375
  7404007570093
  7802900004767
  769503249933
  766536017249
  758437059787
  7613037507409
  7862107786316
  7798161722482
  7840058006356
  7803413002882
  7802810009883
  7792260640043
  7840117011406
  7798221641630
  7868000724004
  7840531001595
  7773435750019
  7730465003362
  7802910006027
  7861001235852
  7730465000354
  7773435750057
  7798141716890
  7756378000076
  7790174000588
  7793797000041
  7798184720021
  7802900480134
  7730411001985
  7792900009322
  7730465002662
  737186393540
  2920300001973
  7861000260633
  7801620006198
  7802810052056
  7774440260531
  7795513131121
  7798053650343
  7802810008824
  7802810008817
  7502252482908
  7798177640169
  7798184720038
  7798161721935
  7798159719982
  7753721000455
  7840235003741
  7798126290025
  7798239332490
  7798322070391
  7793482300364
  7406234005485
  7790079020858
  7443024220260
  7443024220048
  7730952100031
  7730323001691
  7798159719975
  7753721000486
  7730947811058
  7798132920916
  7801620006167
  7793360004964
  2931300004567
  7798161721911
  7750459000276
  7443001141601
  2931300003997
  7730124012308
  7758464000182
  7443018270660
  7802820700084
  7802820552683
  7790580126926
  7753721000394
  781159089084
  7790174000885
  7401005501050
  724751072320
  7730195010326
  7802810008831
  7730124002118
  7730465002693
  7793360785702
  7802107000302
  7798125100974
  7771259752660
  7802810052070
  7802810000439
  7840531001618
  7443006020871
  7798181481352
  7798079234367
  7730465002686
  7790616026367
  7443009520125
  7861002823119
  7861001913088
  7730323001684
  7861034001479
  7802420004858
  737186393564
  7862107786439
  858557007115
  7798322070414
  7795513044612
  7797234000366
  7758315000149
  7798322070568
  7861031541176
  7790522002769
  7730267019509
  7792260639603
  7802800544622
  7792260639535
  7773420000068
  7752992002427
  7793890000979
  7798184720052
  7798034450016
  7798322070407
  7798144941121
  7758464000021
  7798125100981
  7802810009098
  7755060000240
  7798088960356
  7793817000686
  7798079230833
  7802810010933
  7802800544684
  7798322070544
  7861001217155
  7801300003400
  7730124002088
  7791720002520
  7798141132768
  7790895067907
  7772905005734
  7730430003540
  7730117004471
  7802800544615
  7798132920985
  7798053650114
  648260489991
  7804630010810
  7802410003663
  7730323001660
  7802410181378
  2920300001980
  7798228500060
  7793797000072
  7840235002485
  7730323000137
  7798141716883
  2931300003805
  7798161722529
  7401005900990
  7804627650333
  7622300871772
  7797234000359
  7802820500097
  7795513044605
  7774440260548
  878552000331
  7798161721928
  7798221641654
  7840045055954
  7862107786323
  7802820641585
  7861001912616
  7795513044629
  7798181510526
  7861002823140
  7798083731104
  7798322070551
  7798126290704
  7730267019479
  7773435750132
  2931300003812
  7802810010926
  7802800544653
  8430094313007
  659525120450
  7404007260178
  7798414590226
  7798260740523
  7730205113436
  7861182303005
  8445291792784
  2921300003660
  7773435120232
  2991300002536
  7402000240166
  3600542641074
  7842751000211
  7842824133105
  7441028202909
  30152779
  7773435950044
  7773435950075
  7862115360836
  7862101141340
  7861023500396
  7798144941275
  14979510729
  14979510743
  52405000277
  7402000240159
  7808743603716
  7798370550012
  7509546674438
  7730465006462
  7861084100115
  7840581002825
  7613038164694
  7401140500246
  7463013003032
  7862120310628
  7862120310635
  7862120310666
  7862120310673
  7862120310680
  7790524324098
  7441028205313
  7595237000419
  7467849561322
  7798221641913
  7798221641784
  7798221641791
  7794906000150
  7794906000181
  7797234000380
  7755060000431
  7758513000354
  7758079000997
  7758079001000
  7758079001017
  2990300001877
  2990300001884
  8426594029456
  7730205105257
  7753893280204
  7793742004759
  7801930017860
  7451022511198
  7798131061610
  7798093918519
  7862130310069
  7862123512500
  7798371600273
  7798346130132
  7790070508010
  7790070508027
  7792350067231
  7798168320582
  7861053200358
  7861053200310
  7861053200532
  7861053200594
  7861053200372
  7861053201041
  7730980450221
  7441028205344
  7793742004797
  7791045512063
  7441056800702
  7441056800528
  7802175002888
  7443011623586
  7443011623685
  7798131061689
  7798131061672
  7798181511233
  7770016892526
  7770016892519
  7790580137052
  7862115360904
  7798181511226
  4059729338723
  7794520868945
  7622201704643
  7622201705077
  7401162700341
  8437015509655
  7798362310020
  7790310985199
  7862118990160
  7798334587139
  7506475110280
  7506475110297
  7506475110303
  763571706657
  7798362310105
  7772501001055
  7772501000713
  7772501000768
  7772501000744
  14979511030
  7598732000069
  4059729327475
  7798216220536
  7896283007316
  7757283000021
  7759699000978
  7861084100153
  7794000007055
  7794000007048
  7790310984802
  7798370550135
  7794000007031
  7798370550098
  7798334587177
  7790310985519
  656750726198
  7794000007284
  734191403844
  7793742024603
  7793742024610
  7793742024627
  790757847491
  7730205107992
  737186792206
  7898097960207
  7898097960214
  7798355100065
  7798355100058
  7798355100072
  7790310986066
  7798121253513
  7794000007260
  7730957310060
  7798344080866
  7798221641647
  7798221641760
  7791337008120
  7792180142184
  7730957310077
  711062001781
  7401162700662
  7401162700679
  7401162700327
  7401162700242
  7798370550128
  7770016892854
  7770016892878
  2850301276011
  7862115360874
  7772501001024
  7404008050112
  7404008050037
  7862120100021
  7862122330747
  7862122330761
  7862106820554
  7862107784794
  7862115360867
  7792350068047
  7794000008229
  7790070432957
  2850301520015
  2850301521135
  2850301536085
  7770017260324
  2850301529124
  7401162700655
  7798370550197
  7791720034668
  7730963130034
  7898943090300
  7730993030052
  7730998730032
  7730267025005
  7730267024985
  7730267024961
  7794000008243
  7798345570243
  7791720041611
  7791720041604
  736372542977
  7793323024862
  7793323024879
  7791720045602
  7757050001428
  7757050001411
  7757050001435
  737094229566
  786071085930
  786071085947
  2050044138168
  7757049000944
  7757049000937
  7792180145628
  7842824133631
  7441001646485
  7791337009882
  2921300003646
  7402000240197
  7842824133112
  7798157300298
  7791337009868
  7798143355936
  7798143355950
  7730999480028
  7707699955033
  7799044049092
  7790742412850
  723540526891
  723540526907
  7898951122512
  7730154002775
  7899706115070
  202641000009
  7730978860087
  7730978860100
  7730978860117
  7862130310250
  7862130310236
  714604043997
  7799037070034
  7799037070058
  714604043980
  7799037070041
  7868000340105
  7862115361628
  7861000293815
  7451106200635
  7451087400130
  7451022510009
  7898954933689
  22000009951
  7798015650732
  7467849561339
  7462593238506
  7462593238513
  7798362310372
  681170002904
  7798131061740
  5410376725387
  5410376725370
  7791720041598
  753081010450
  722776005620
  7593247000054
  7798433140099
  7730541000148
  764451741461
  7443032840191
  7862115360775
  7593247000047
  7798401220037
  7793323024848
  7793323024831
  7793323024855
  753081010443
  7861084100498
  7840854000244
  7791720029596
  14797510712
  7592198000069
  7862112280625
  7862112280595
  7730376002324
  7597623000072
  7443022071215
  7597623000171
  7792052093828
  7792052093811
  656750726150
  7597623000164
  7891000410141
  7404007570291
  7404007570109
  7730376002423
  7730376002416
  7730376002430
  7730376002447
  7798456650339
  7899621106306
  7899621107037
  7898225524233
  52100006574
  7791720049525
  7792981070440
  7791720049587
  7842824133648
  7798302800437
  7842751000013
  7798302800178
  7798068582431
  2851401818132
  2851403300048
  2851403318043
  2851410349047
  2851410595048
  2851432991026
  2851434419047
  2851435221021
  2851400258021
  2851400360007
  2851400361004
  2851400362001
  799192480904
  7790070100283
  2921300003677
  7730955340182
  7842824133662
  2921300003653
  7868001173528
  7804676870355
  7801220006215
  7792180144195
  7842824133099
  7804630010742
  7791720002698
  7794000003545
  7791337002555
  7791337000681
  7791720018453
  7790310980415
  7753721000523
  7861001923179
  7802575003249
  7794520000109
  7861007200205
  7613287140838
  7802420810275
  7591794090627
  7404005720100
  7467242170657
  7622300803735
  7794000003552
  7793742003776
  7798141132775
  7803110108191
  77967640
  7730267009678
  41667022011
  7790580126063
  7753721000400
  7709990368017
  7401087702161
  7798137494320
  7793323004376
  2920300002017
  7730411001992
  7798317790051
  7802575201089
  7862113650298
  7861106410109
  7791720018460
  8007880214604
  79854600902
  7753721000547
  7803110108160
  7730947811072
  7798239780154
  7798193377063
  7802575131201
  7840045033372
  7793742003790
  7753226000035
  7793742002687
  7801505002987
  7792180130280
  7797234000373
  7798221641845
  7792180130273
  7798187211694
  7798144940148
  7808743602474
  7798031470123
  7751833000141
  7730411002005
  7898960942293
  781159668906
  7791720002643
  8853602003229
  7461210011119
  7790580129736
  7803110108184
  7802900002435
  7802575134516
  7791337530904
  7773435750095
  7501058650924
  7730172252237
  7798031470284
  7613036510585
  7793706000858
  7862120100144
  7793742003264
  7801930010885
  7798187760666
  7401162700167
  7730947811034
  7798187760680
  7730910431245
  7861008528087
  7790606086067
  7595237000341
  7798015440036
  14979510620
  7791720002681
  8414775015725
  7709990080452
  7804617140004
  7798370550029
  7772622200047
  7798239780185
  7793742003592
  7804650970484
  7797234000199
  7798241870119
  2920300002000
  7443007930124
  7804671160086
  7841731000081
  7730465005038
  7753721000493
  731701015085
  873617006198
  7793742032615
  7798154950649
  7793742004568
  7798160700047
  7791720001844
  7793323004932
  7798221641746
  7801505002963
  7730430003816
  2920300001997
  7798317790013
  7794000003569
  7801930013282
  7798154950656
  7798004720088
  7802110002577
  7793742043512
  7798015440012
  7798082000232
  7791720002650
  7798239780222
  7790580126087
  7861063507416
  7797234000403
  7793742023439
  7613287410429
  7798193377056
  7730411001497
  7798181510243
  7793742004520
  7801505002970
  7501058645678
  7808743603617
  7798137494313
  7802575201010
  7793742003707
  7862120100281
  7793706000957
  7792360092711
  7790580130091
  7798346130163
  7794000002111
  7841731000074
  7798121252486
  7772501000737
  7443007930155
  7861006200152
  760573070014
  7803111001668
  7861007211263
  7443013540065
  7798239780192
  7803111001712
  7773435750149
  7861008528667
  7794000001992
  34000000074
  7798221641807
  14979511436
  7798154950519
  7798221641739
  7798191490023
  7801300000034
  2940100002451
  7730955340144
  2991300002567
  7842751000020
  7800120446824
  7404009060035
  7771260011107
  7730130002720
  7730197009786
  7730105028120
  7730197009809
  7798375610469
  7501058655059
  7465563821104
  7465563821098
  7401165100193
  7798099130250
  49568580081
  7730957310015
  7730197007966
  7791479004417
  7861036400720
  7861036400690
  7861036400713
  7861036400706
  7798024766547
  7798193377292
  2920600000249
  7794000005303
  7804664380316
  7730465005021
  7730465004604
  7798144941268
  7802575341198
  490000425802
  7798341500237
  7798341500244
  7461573136375
  7798146138895
  7804658020983
  7791720023877
  7798193377308
  7804658020044
  7463013003063
  7730197008833
  7862120310017
  7861024630467
  7861024630481
  7861210700684
  7861033002217
  7861118400075
  742832740104
  742832955317
  2920482300000
  7771259300229
  7771259300236
  7771259300175
  7771259300182
  7771259300199
  7771259300205
  7771259300212
  7771259300243
  7771259300267
  7412500100396
  781159093715
  7868000377965
  742832955324
  7791720023884
  7798099130762
  5999564316724
  8809738322017
  7798146139236
  7792900990767
  7702189057235
  7862122741185
  873039000477
  7441064410252
  7798146139243
  76625278261
  7401165100216
  7861053200396
  7861053200952
  7861053200723
  2980300001885
  2980300001694
  2881300002943
  7798099130786
  7791876000319
  873617000295
  7441029522204
  7861002835051
  7730400003952
  7730400003938
  7730400003969
  7730400003945
  7862120441384
  2931300008305
  7792900990682
  7441008933212
  7861138613264
  7795513160701
  7463516172334
  52738000029
  52738000067
  7421600308151
  66613203177
  7798111211240
  7793360130007
  81537307541
  79625014112
  7798334580291
  7421600300292
  7861002829951
  2881300004862
  2881300004879
  2881300004886
  7862118990047
  7862118990146
  7401008210614
  7798334587061
  7751271028479
  7452096900604
  8000607001150
  2991400000142
  7771817180522
  7441095700025
  7730939201423
  7730197009304
  7730588000163
  7790158229714
  7798334587078
  2980400000207
  2980300002776
  7794000007314
  7794000007321
  7401111303036
  7730153002707
  7790070335333
  7790070335340
  7862117502333
  7798125101636
  7597623000096
  7804647571151
  7798344080873
  7798262020043
  7775402724894
  7759447000564
  7798131061993
  7798131061986
  7734284002315
  5060033822784
  5060033820148
  7406207000110
  7791720003411
  900901061950
  7896573374029
  7772622210145
  7771260150486
  7775402724924
  7862115020679
  7862115360751
  7441001635540
  7441001635564
  7441013503738
  7441019437396
  7774440261156
  7862122330075
  7802800726998
  7862122330051
  7862122330044
  7862115020624
  7862115020648
  7862115020662
  7794000008212
  7798132922316
  7798132922361
  7798132922330
  7798132922347
  7798132922354
  2850301540082
  2585330000008
  7750151007979
  2585150000004
  781159093746
  2991400000234
  2991400000265
  2991400000241
  2991400000272
  2991400000258
  7861007390647
  763571763643
  7861138613554
  7798131061924
  7798131061917
  7730963888454
  7730963883916
  7730963884173
  7730963883961
  7730963883954
  764451741478
  7734284002438
  7730908220301
  7730197006884
  7750151009560
  7750243069588
  736372543004
  736372019141
  2302589030033
  2880400000057
  7750054001821
  7750054001814
  7404009060066
  7861223012644
  7861223012675
  7730152002043
  670087121693
  7597814200137
  7443017560403
  7730197010065
  48107127398
  606110002202
  658325660784
  659525149444
  7597814200830
  7730963883923
  7730197218959
  7730963883947
  7730963883930
  7862122742359
  7862134510120
  7798221642101
  7730916583801
  7896025804890
  7467242171067
  7467242171074
  758890930449
  7730197010324
  7790244941872
  659525554262
  7730197009816
  3467231691174
  758890930432
  7798126291626
  7798126291589
  5201704002757
  5201704002696
  8480017757883
  7798020366222
  7793323024893
  7798306830195
  7862123840221
  7771817180539
  7861033691299
  7862115020617
  7861033003016
  7798332214228
  7862107788655
  7862107788648
  7862115020655
  7798345570250
  7794000009165
  7791720042809
  7791720042816
  7593362000274
  490000046014
  7593362000267
  7441003598126
  26903986777
  7451001223630
  26903986791
  7862122330136
  7730376002331
  7597814200625
  735051000326
  7793323003447
  7792052097871
  7792052097888
  7798131061764
  7861000253192
  7791720047507
  7597814200823
  7597814200229
  7597814200724
  7597814200427
  7597814200120
  722777727101
  6223000710753
  7791720049716
  7421601106411
  7597135000560
  7792052098137
  52100004778
  7452102280577
  41190071784
  7798221642156
  7774440270110
  7792052098120
  8480017323927
  7861223012668
  7861223012699
  7730999460136
  7730197009779
  7730999460150
  2851402468039
  2851403311044
  2851403848021
  2851403863024
  2851404082028
  2851404176024
  2851405576038
  2851434213027
  2851434235029
  2851434455021
  2851434767025
  2851434768022
  2851434862027
  2851434878028
  2851436221020
  2851437729037
  2851437740032
  2851438140022
  2851438714025
  2851438906024
  2851439932039
  2851440171021
  2851440627023
  2851440629027
  2851440633024
  2851440946025
  2854100623038
  2854100937036
  2851401143135
  2851401176133
  2851401186132
  2851401178137
  2851401100138
  2851401099135
  2851401105133
  2851401179134
  2851401180130
  2851400618023
  2851400619020
  2851400363008
  2851400404008
  2851400405005
  7861223012651
  7610113025239
  7460995100209
  7730197009793
  7798183020412
  7771260011114
  7861223012705
  7730130002737
  26964458763
  7730197007461
  7798099130014
  7841554000138
  7452098800018
  7808709502305
  7453052800075
  7530812011008
  7861138601162
  7441009015115
  608312001502
  7798154950731
  7793323002976
  7862113115414
  7730267017482
  7730465004437
  7862129450035
  7798239780093
  7802920008080
  7798064190036
  7463516172525
  7791337003644
  7802500225203
  7798064190067
  7460199575667
  7790244001545
  7759471000257
  7401008210461
  33674069714
  7730976822261
  2920300002024
  7730267017499
  7793360257100
  7597814200816
  77543721
  7597814200113
  7793433000558
  7798141132331
  7441017910150
  7451000337932
  7794371000297
  7597814200519
  606110002028
  7790127784497
  7790580408411
  7730927022122
  7798165591763
  7730197008888
  7597814200212
  7798154950717
  7798075280559
  7861033002514
  7804650970149
  7798131061597
  7861013731250
  873617000172
  7802300000161
  7730197007669
  7804300149291
  7773435460055
  7798334580192
  7861017521253
  7597814200311
  7730465003225
  7862127750366
  7804658021003
  7453052800099
  7792900990125
  7801420001584
  7730267017505
  7802500038049
  7862101900015
  7794371000129
  7730922255358
  7802500225111
  7868000724011
  7861118400020
  7798131061474
  7862101901289
  7702001155934
  7798334580024
  7802410003670
  7840779002644
  7730197007676
  7730197008727
  7798262020203
  7804617470538
  7794710070516
  7798067050573
  7759699000435
  7798064190050
  7730465004529
  7441014708576
  7798131061498
  7861033000848
  7798262020197
  7790580132460
  7790158229677
  7441001606434
  7798131061504
  7790139100599
  7730306002387
  7759699000374
  7730153020541
  7730197007508
  7861018202175
  7861018220360
  7797234000397
  7840042004177
  7801875000743
  618405000763
  7460199599014
  7801372000413
  7805000300548
  7597814200410
  7730197007485
  7861033660547
  7790580408343
  33844005597
  7796045102733
  7730197003289
  7802500225128
  7707322030489
  7501008604014
  7896336007300
  7802900001841
  7759699000411
  7797614000511
  7759699000381
  606110002035
  7798146139229
  7790580132446
  7790174001288
  7597814200618
  7861018620559
  7441095700070
  781159089107
  7861033000855
  7798131060231
  7797330005081
  7467242170329
  7730197006822
  7793323003454
  7861033001111
  7804655060319
  7795513111154
  7730197010096
  7861223012682
  7730999460167
  7441028207980
  7730152002036
  7730970970470
  612590416644
  7862126491710
  7802900004934
  7774441110163
  612590416637
  791466298444
  8411863090015
  7730999460105
  7798068582189
  7842751000105
  7798126084983
  7798068582172
  7804320749686
  7798342150592
  7798342150578
  7443011625672
  7794906000273
  7467849560356
  7401165100025
  7757505000068
  7861024304351
  7862106220903
  7868000587906
  7861036400614
  7861036400584
  7861036400577
  7798105510687
  7798108621458
  7794059001097
  7794059001103
  7730465001603
  7730465004567
  730345000570
  754697550224
  7798138290860
  7797614001501
  2881300000703
  2881300000710
  2881300000789
  2881300000857
  2881300000871
  2881300000925
  7861026034058
  72310177802
  7804300155896
  7804304002790
  8436004840038
  8436004840052
  7795513106990
  7401140500222
  7804320756509
  8412075709238
  7756378001219
  7756378001226
  7755060000394
  7755060000400
  730792994262
  48176660512
  7798044151101
  7798339760018
  814784026930
  7862107785692
  724751018069
  7798287170594
  725711411111
  7757616000148
  7441028202084
  7774440270042
  720665957234
  5150002522
  7622201508227
  8007880601107
  783387000909
  7441053500049
  7441053500025
  759464003057
  7798355940111
  7798355940128
  7798355940142
  7798355940159
  7798130464740
  7798130464757
  7798137454188
  7798137454140
  7798137454102
  7861036400829
  2970600000077
  7460199590240
  7861053200419
  7861053200402
  7861053200570
  7861053200921
  7861053200938
  7798137494436
  730345000556
  7790070776563
  7791045511912
  7792981001062
  759464003149
  759464003125
  7443024220864
  7451022511211
  8007880601206
  7443011626143
  7509552874105
  8410113961808
  7797330005074
  7862106223140
  7898912678157
  8480017251350
  8480017252401
  7750075052802
  8445290194077
  2881300004640
  7702746019294
  7798145820098
  7797330109208
  7798158701681
  7801610383025
  7801610381021
  656750764275
  7862118990085
  7424614000073
  7798074864873
  7798074864675
  7798334587054
  7792280005938
  6942133310769
  6942133310745
  6942133310752
  7702746019300
  7791720029381
  7790139101725
  656750729212
  7441005714494
  7756378001233
  7702746079359
  7404000951134
  8480017285638
  7798332218271
  7443021960282
  7730955160070
  4504399332
  7798221642002
  7794450947543
  7794450947567
  7702025148288
  7702025148301
  7798137494412
  7730903753309
  7730267023131
  7791120102806
  7791120100291
  7401006418562
  7441003506565
  7772830251145
  7773435950099
  7773435950112
  8436539767077
  8436539767213
  8436539767220
  7443011626136
  7798105511110
  41224763265
  7861017500715
  7771817081485
  7798259439490
  7792350068054
  2850301553068
  2850301565085
  7803520003031
  7803520003048
  7862100605379
  7443007930032
  7798020366154
  7792842000081
  7798020366215
  7791120102813
  7794529042247
  7862105472433
  7500435214797
  7702025149124
  7798067050504
  7798067050528
  8410152020740
  8410152020757
  7798228640964
  7798228640940
  7750075043695
  7750075043954
  7730908420312
  7750060003499
  798190217888
  7791720043905
  7757050001367
  7753534001946
  7753534002158
  7757110001658
  7752992003813
  7730986570145
  7896283007514
  7792430903947
  7862134510205
  7774441110118
  7730970970975
  7730116233162
  759464003040
  7862113730969
  7702113017984
  7730306001953
  78000001181
  4504313666
  7798101653692
  19003634
  7862130310786
  7861002567297
  7791568000511
  7791708617326
  8436005760090
  7757133000232
  7798161723359
  7791120103520
  7790606086456
  7798099594915
  7798099594885
  7790580142049
  7792052174879
  76625212067
  7792052177320
  5021991941733
  7792180141132
  7443007455641
  7794906040200
  7798067050566
  791466298451
  7798161723335
  7798161723342
  7798044151224
  7794529042360
  7433200857014
  7424635800164
  7896336016173
  7794906040194
  7798137454157
  7794906040217
  7798137454119
  7798137454096
  7798099594854
  7798137454164
  7861002568324
  41190079612
  7451001223661
  78000002546
  7862122742267
  7798221642064
  7861004110620
  7790314078101
  7798370550210
  7791720043899
  7794450947963
  3058080134211
  840093122186
  7443006002471
  7443006012487
  7790945008027
  7791120104879
  7730687002280
  7771706001853
  7771706001785
  7798221642057
  7794450088291
  5000444072330
  5000444072484
  5000444072415
  5000444072354
  5000444072408
  7794529042483
  7798159560225
  8480017255426
  1000461573
  7750060003482
  7772501000225
  7798126084976
  7794529041868
  7707267495749
  7443007456211
  7401006500830
  7401006500892
  7401006500878
  7791720048566
  7862126491598
  89646132191
  658325697919
  7702090002546
  89647000017
  2851401879133
  2851401881136
  2851402039031
  2851403303049
  2851403310047
  2851404540030
  2851411669045
  2851411670041
  2851434607024
  2851434608021
  2851434791020
  2851436176023
  2851400267023
  2851400364005
  2851400268020
  2851400443021
  2851400488022
  2851400748010
  612590416620
  7757388000681
  7757388000698
  7730970970425
  850058309583
  7774441110149
  7798322071251
  7730970971040
  7757388000704
  7774441110101
  8411863090022
  7862126491895
  7862134510199
  7804330008117
  7798164191698
  70177197155
  7790703000553
  7790236018087
  7790387013306
  77956545
  7802500224442
  7791720019054
  7802940002006
  7798003740346
  7798125100318
  7804304105453
  7804340901545
  7804945015555
  7862105800021
  7802575220523
  70177050580
  7808704650124
  8710428997517
  7896048254016
  7791720019061
  7802800544714
  7798083731227
  7798366550033
  8886451001085
  7804320198552
  7804305002102
  7862107785678
  7796104761338
  780746058076
  7798146300308
  768965000212
  7709899035225
  7796104001175
  33844007911
  2920300002048
  7798125101001
  7422600600023
  7798000281026
  7791728237290
  7862128020086
  7730465006370
  7804320348063
  7798126081708
  76625282732
  7790415004313
  7798161721119
  7804600772762
  7441003501874
  7798008295186
  7804335141215
  7798345570014
  7808725400142
  7730306001946
  7730903753002
  8410866430040
  7798033337103
  5031413925579
  7861018602562
  7798104308490
  7509552830965
  7730957310039
  7861019911106
  7798195940302
  7861012510900
  7798159718381
  7802410101833
  7804620040346
  7862107781601
  7794529041554
  7805000316983
  7808704700010
  7591046000015
  7809636300750
  7798120180575
  7804454001360
  7798126080459
  7730963700039
  7730205097361
  7804330193219
  7441003504363
  2920300002031
  7804320214085
  7861000209885
  8410113556684
  7422600600054
  7804300143688
  7730205074782
  7798147371383
  7802337105617
  7804340905710
  7798181510915
  7791708001576
  736684288808
  7798131061412
  7804304105446
  7861000249539
  7801875061041
  7861012510894
  7862128051295
  7798003740384
  7804340909060
  7441028207379
  7808704700072
  7804315000587
  7792280000117
  7796104761345
  7798159717506
  7401018700167
  7793733000227
  730345000105
  7801222918370
  7730177003148
  7804330352210
  7798154950786
  7798009939522
  7402000045020
  7861018501650
  7798130463354
  7801875001238
  7622201776688
  7794529041585
  715126011228
  7840192001392
  7798154950793
  7798141132799
  7798181510908
  7793890253337
  7798130463286
  7622210407726
  7801875058010
  8853602003304
  7802500004006
  7861153901155
  7809636300712
  7798008293922
  7804320746173
  7798067050450
  89419458169
  8437020181020
  7808704700065
  7804340902573
  7891150059665
  7798082743931
  7804335001168
  7790975017471
  758437000017
  7798301130122
  7862113730211
  7804340902641
  7796104001182
  7790045826156
  8410150040344
  7861007250385
  89646041103
  7804454001384
  7798161721331
  7804330006694
  7798216220239
  7798181510892
  7790380024521
  7861018516180
  7709990368000
  7791720004012
  7798301130108
  8410113002143
  7465227956043
  7798033900284
  7804454005764
  7798104308506
  7791120098932
  7802000015304
  7709990080476
  7467078610020
  7862126491680
  7401158601171
  7798228641213
  612590416606
  7798228641206
  7798068582165
  7730970970982
  7804320749679
  7802900004927
  7804612222538
  7802920010878
  787003004814
  7464876204017
  7840031155965
  7840031155972
  7793913013269
  7808704701093
  7861012511808
  7861012511860
  7861025805215
  7861025805239
  7861025805291
  7730465004093
  7730465006264
  7730465005984
  7798185200140
  7441005713343
  7790710334719
  7791337004429
  723540526884
  7840031155958
  790330006888
  7794820902202
  7840037015331
  7840037015348
  7862118143528
  7794820902271
  7441014709580
  7861012513772
  7861025810288
  7791337004870
  7791337005242
  7464876203522
  7862113116572
  7804320521879
  1973258460126
  723540526877
  723540526969
  7840042000834
  7840042000841
  7840042000827
  7840042000858
  7840042000865
  781718829915
  7758721000115
  7898225524684
  7790787949595
  7790787949601
  7804617470873
  7861050501090
  7750289000828
  7840127020603
  7893630213413
  7730336002135
  7730922255556
  7841229000951
  7841229000944
  7841229000975
  7441014709603
  7441014709597
  7798039599604
  7861025806779
  7861025806724
  7861025806731
  7861025806748
  7861025806755
  7861025806762
  8436028380800
  7862128780188
  7861053200433
  7861053200440
  7861053200457
  7861053200488
  7861025805888
  7868000759655
  7702001163687
  7441014709269
  7862107161175
  7862107161182
  8437000038177
  7861012514281
  7861039933775
  7791337005570
  7751271032322
  7791337006270
  2931300008275
  7861106411717
  7861106413155
  7861106413179
  7861106413254
  731284004049
  7751271031967
  748757007490
  787003001356
  7791337006249
  7792280005761
  7791337136526
  7791337136519
  7870030006180
  7870030006012
  618405001715
  618405001746
  7870030006326
  7862122600451
  7791337006379
  7798312360518
  7798312360365
  7771258450024
  7771258450109
  7771258450130
  7771258450147
  7771258450154
  7771258450178
  7771258450161
  723540526860
  7702001165117
  7702001165124
  7702001165162
  7861106413261
  7791337007130
  818290000000
  7755073002361
  7755073002729
  7755073002736
  7755073002774
  7840042000919
  7840042000926
  7791337007116
  7750632006774
  7750632006781
  7402000125012
  618405001753
  6184050018216
  8445290732279
  7802900003234
  7791337007598
  754697513083
  7441001643613
  7798312360822
  7798312360839
  7798312360273
  7798312360778
  7798312360785
  7798312360815
  744430256193
  7791337007987
  7791337007994
  7791337008038
  7794450947536
  7794450947550
  5360000053
  618405001265
  618405002415
  7402000125029
  7791337007147
  77772916000056
  7772916000001
  7772916000018
  7441001635168
  7790326012230
  7861025806427
  7861050500918
  7861050500925
  2850301581023
  2850301582013
  7441001638763
  7750151008532
  7751271033695
  7751271033701
  7751271035163
  7751271035170
  7861012507795
  7730922256508
  7750632007153
  7750632007337
  7443012781834
  8480017251367
  7793323024572
  807036401500
  7804619041828
  7804619041842
  7791720032305
  7757110000965
  7730910601501
  7730105022241
  7750151008983
  7896606819848
  727373157826
  727373157819
  7702001170692
  7861050502004
  618405002675
  7840042102750
  7840380000114
  7840380000121
  7730588000989
  7730588000972
  7730956190212
  7798327840289
  7594003951917
  7750151008396
  7441000505790
  7443018276631
  1220200138894
  7861050502011
  7861050501830
  48107239978
  7862105454613
  7861025807271
  7794450947918
  7861025807264
  7597623000188
  7862128780621
  7862128780010
  7862128780591
  7862128780638
  7861031542050
  7441001646041
  7790411002122
  7798130466782
  7840042120792
  7772919400273
  7730105022258
  2851402041027
  2851402042024
  2851403441048
  2851412110027
  2851433923033
  2851434795028
  2851400639028
  2851400365002
  2851400366009
  2851400446022
  2851400455024
  7802920012070
  787003004661
  2880400000231
  787003004838
  7798327840159
  636266689088
  7804620040339
  766536016815
  7862113116459
  7861025810264
  7862122600284
  7791337004337
  7798327840142
  7441014703991
  7793913000757
  7460199565330
  7861025805284
  7802920006888
  7790787949335
  7798199890016
  787003000601
  7840127001923
  7798344310017
  7772903001707
  7791337002029
  7861025805895
  7460199565316
  7862113116633
  7798327950049
  7443022500371
  7790975017495
  7702001125494
  787003000977
  7840005012157
  7861012511792
  7792410146708
  5000267024004
  7798185200034
  7790787004287
  7798321150148
  7460199565309
  7801875001283
  7870030006562
  7804340909053
  7730465004802
  7804342004596
  7730105026317
  7751271027441
  7798321150155
  787003003312
  7773435120102
  7840005012966
  7840017203123
  7798321150124
  7791337957107
  7861025804966
  7791540046032
  7861031540230
  7798162980461
  7861031540889
  7755073001753
  7861025804911
  7401143100870
  7312040180752
  7441014708361
  7861025805260
  7312040080755
  7798321150254
  7840045047850
  7802920004952
  7312040050758
  7702001055050
  7791337002715
  7791337002036
  656750748251
  790330006826
  7862122600253
  7861012511884
  7841341000020
  7861025805222
  7862122600222
  7312040060757
  7466772505526
  7840017206124
  744430256230
  7441014709153
  7702001125685
  7861012511815
  7798327840036
  7840045047843
  7441001620485
  7792280000285
  7793132000613
  7840127001930
  7809573900037
  7861025805918
  7840017205127
  7798321150117
  5010106111536
  7861025805871
  7791337003880
  7802920005287
  7802920006871
  4750021003462
  7862113116602
  7861025804614
  7790070507501
  7790787004263
  7848000660014
  7861012507788
  7441014709283
  7791337003125
  7460199552170
  7791337003965
  7862113116565
  7791337003972
  744430256162
  7792756221541
  7840005013093
  7870030013638
  7791058002384
  7804340901170
  744430256261
  7593090002311
  7861025805246
  7460199565408
  7793132005588
  7793913000740
  7796104001199
  7790314078095
  7771259640349
  7840005014359
  787003004821
